F1: [0.6997596025466919, 0.6868913173675537, 0.7165065407752991, 0.7303529381752014, 0.6414334774017334, 0.6341359615325928, 0.6451561450958252, 0.6551516056060791, 0.6475201845169067, 0.7276593446731567]
Average: 0.678456711769104

Loss: [0.6444578766822815, 0.606890857219696, 0.8057398200035095, 0.604022204875946, 0.7612968683242798, 0.9447311162948608, 0.6527376174926758, 0.6385900974273682, 0.8003817200660706, 0.5986260771751404]
Average: 0.7057474255561829

Precision: [0.7109375, 0.6979166865348816, 0.7302083373069763, 0.7614583373069763, 0.6543642282485962, 0.6465517282485962, 0.6654094457626343, 0.6778017282485962, 0.6694504022598267, 0.7443426847457886]
Average: 0.6958441078662873

Recall: [0.6896028518676758, 0.6763731241226196, 0.7038909792900085, 0.7033204436302185, 0.6295074820518494, 0.6227022409439087, 0.6267268657684326, 0.634194016456604, 0.6275097727775574, 0.7125821113586426]
Average: 0.6626409888267517

