Documents #: 1254F1: [0.7474798560142517, 0.733741283416748, 0.743353545665741, 0.79038405418396, 0.774337112903595, 0.7046334743499756, 0.7686262726783752, 0.7678129076957703, 0.7663822174072266, 0.735918402671814]
Average: 0.7532669126987457

Loss: [0.547751784324646, 0.5917565226554871, 0.8595524430274963, 0.5345643162727356, 0.5165719985961914, 0.7094365358352661, 0.5303781628608704, 0.7246031761169434, 0.5193637609481812, 0.5820585489273071]
Average: 0.6116037249565125

Precision: [0.753125011920929, 0.7541666626930237, 0.7635416984558105, 0.8161458373069763, 0.7982219457626343, 0.7365301847457886, 0.7944504022598267, 0.7772090435028076, 0.7928340435028076, 0.7537715435028076]
Average: 0.7739996373653412

Recall: [0.7421875, 0.7157562971115112, 0.725328266620636, 0.7681795954704285, 0.7530359029769897, 0.6781250238418579, 0.745223343372345, 0.758712112903595, 0.7423083186149597, 0.7197641730308533]
Average: 0.7348620533943176

